82 76
3903 46385 47011 48543 66381 24045 26728 65555 14961 87018 35159 89469 5489 37579 56155 96271 93446 98612 54561 90628 4396 27942 18933 43750 20919 1049 83660 90114 20807 23670 4301 31543 53365 39106 20209 72371 89480 33741 88593 42153 48683 54945 56052 46622 86189 64179 62416 48866 37932 2596 33012 84441 59699 24963 70751 94317 56315 373 40151 35683 19185 9063 22223 52610 80513 1873 25239 52745 83174 6617 83297 3262 9575 21103 4168 93985 
15052 87584 23118 20556 42827 38470 55423 94298 4408 12272 81615 66843 51718 46026 33676 63550 22219 20763 97114 20592 25874 65854 49055 60865 17313 95857 43463 28707 24353 49634 63585 80521 98500 99001 41389 81100 51905 36618 45725 35381 50415 93914 43756 18537 14878 70364 74309 25904 68084 95862 8444 6868 58994 56820 64421 90128 27607 11211 61041 35532 2937 74131 55321 61001 76317 91138 49917 24917 5967 85491 4229 42661 67408 48152 80723 81399 
46302 52362 86819 21914 45594 76247 96650 30308 99257 76964 51751 1450 15562 82670 35863 18249 85344 72043 88673 58937 48665 82825 13265 79790 81746 47490 40959 26511 45020 62077 43158 70488 41572 63356 52567 64545 20459 19102 19927 47568 73420 60391 75378 1334 18133 75099 9123 28298 63623 97837 64093 26913 65024 90104 3872 61530 55489 40935 49810 58732 83545 33314 39535 19952 10313 68777 32494 6747 95387 99488 97651 98844 99762 68292 28655 35705 
88625 38545 16569 51032 52187 65480 37295 93601 28968 29579 18959 616 56828 86948 32856 20708 85608 7192 3802 87317 25245 61035 77012 53538 11121 54495 82695 32629 22304 23333 20110 54827 94465 14694 5029 78821 5812 41682 52812 97513 31655 44961 86933 10422 52845 211 93820 57117 2312 38760 67194 9648 53942 51677 26663 79979 98935 80555 31279 85461 26885 70744 30978 12457 83176 68097 73422 6163 31312 88018 5583 20600 18790 44838 29498 30729 
23488 59641 53663 62995 80386 94811 10398 70687 21514 83874 98945 30782 45352 35669 19811 45169 22997 94619 57968 3793 98192 34674 71599 60057 87918 78598 15831 44867 19943 7085 82327 17983 16839 79617 83821 34860 68254 54915 74635 24428 78049 37989 76859 920 78236 58425 50717 76844 88880 20291 29276 404 79339 59216 71900 5849 518 55991 1215 39708 89992 31121 24266 89912 89740 70474 68097 33052 48468 89161 74830 59160 30632 39616 23793 72558 
45898 27262 21481 69569 41509 44934 28625 74763 36558 75213 68276 56098 89892 14957 29731 12267 82067 67383 71616 10805 1737 89252 58142 81153 52034 48333 97274 20223 88583 45674 11614 90761 26872 93207 23951 6252 80074 27442 77058 63456 97570 43439 29819 90128 64902 46228 50133 66140 1910 98804 24089 97822 20663 59817 61974 50505 32751 55120 11648 29629 91195 50410 95427 32262 46563 23275 69947 19442 2781 50234 45343 87001 94849 3659 93460 21289 
13742 61877 2816 55758 99538 57263 62896 53970 44999 54565 46956 99565 37190 3979 3212 15071 61767 84552 52016 88003 70500 25335 89664 62940 88402 7018 21989 22928 66351 51328 53215 96479 78374 61867 94500 91250 52521 28184 95620 63409 64651 76070 22155 71984 64438 3147 78170 40901 9125 35362 58893 4363 57114 55821 37095 37933 65608 94687 10739 49123 32666 10168 87754 447 78888 57047 62859 27437 73481 14910 46686 44022 53348 85353 94314 27549 
74429 98983 90755 55904 51141 67410 14740 56904 99799 998 35792 68654 77709 38875 12512 19998 22914 98381 87288 30476 1626 26990 19792 73256 65237 51759 73681 42049 47872 38511 25073 47948 77156 68952 1979 42730 27792 54667 38203 5158 70122 41620 18497 33782 12447 50716 86926 18870 97032 97887 39392 95794 76608 99228 52865 4925 50892 69147 39805 7230 24188 48036 85194 89178 30513 87841 65595 99374 35216 41420 4127 44848 32877 5936 40033 6468 
29022 77242 14022 89702 27271 76468 82450 69640 26423 52242 34080 30630 84893 81242 21111 86825 13564 22228 30096 33869 95354 97402 1961 3422 55896 836 28732 57351 92813 71020 47101 25556 94690 10039 25593 22980 94358 4385 34225 27300 89000 26074 40596 71130 5132 38990 60089 44286 7883 33131 48835 81230 51316 62015 60197 62259 26066 9750 94313 62870 87547 8449 52669 74412 1032 98701 86807 55020 60418 94015 4741 33503 45728 23700 6811 51055 
77042 11877 77070 51528 47714 71003 67195 57761 77340 72256 2173 83108 80562 54289 45836 44198 30804 61354 65941 34051 44911 33407 88094 87018 14826 32955 94028 48901 78761 47958 25700 20583 64546 55511 34982 13280 84999 35159 18518 42894 49495 68748 36569 81925 63660 19295 21158 4683 75431 82508 43040 64912 78321 17009 86961 76795 89637 72675 6441 83065 75190 21080 23074 27184 17166 25499 11323 89391 77360 21012 89954 89166 19233 99181 14018 69481 
31466 25410 82906 25977 49977 6220 26356 50226 17751 81751 56122 76065 88012 92751 77545 4576 48161 67530 96855 11637 48406 4793 35877 85430 42696 24403 82157 53143 41012 63543 82333 46770 98942 48399 80059 47992 80698 29596 53992 16623 41684 75203 25261 46177 37619 75057 74121 57194 77800 79748 54267 95354 45388 36163 55917 91146 74366 31216 6525 8145 20335 95076 21511 99455 86493 25355 24749 12678 38589 63438 16511 4360 33823 84449 61862 59205 
90180 70503 87571 66213 30240 60628 92398 60915 8376 82031 65347 87617 7431 99862 90019 27423 12064 41773 56356 19204 67423 68035 19936 76198 681 81887 18237 39717 10713 28493 20250 32216 10057 39121 86052 92899 61200 72949 59580 38918 82408 79152 65893 1608 54039 53183 73411 36402 83242 27933 83795 1228 81810 99924 20222 10817 52542 67767 45175 32174 55987 24913 8530 62597 65714 52536 19522 35139 92490 70166 98563 8204 98108 39874 23242 84560 
5922 90720 79451 32877 31302 81584 4454 666 38227 12594 61667 97653 34591 7130 78436 43965 59766 16138 78426 88514 64405 14150 78626 56496 67961 22464 15488 13683 18815 13754 6975 78556 68924 17586 66210 33368 44038 98921 45518 46082 67613 65137 91327 82994 15622 35966 22983 84423 52075 88054 5612 67778 68086 44880 65324 43157 67476 82053 37837 97283 23955 28126 47777 98817 2703 31463 62388 15820 49387 40292 58751 76439 7942 28709 754 68523 
5768 58841 68546 44089 78681 78485 15337 26673 76375 90745 44950 76941 32421 5171 46826 44506 66133 82046 10364 19747 82302 11558 4145 21309 59547 91790 32262 47202 71165 9629 69700 92954 15954 1864 27814 86579 65470 38944 33403 79497 68063 2925 59688 70909 18805 24721 65897 33445 22690 40490 34483 41976 99762 65265 10525 78691 20276 82711 92636 3091 58393 34920 98483 25394 12848 26365 85852 72736 8478 32882 32838 29537 91767 98572 63683 6051 
28925 12575 91848 15947 55747 75268 20748 38358 1128 97364 41441 7804 92357 27545 44837 46741 72949 40630 25247 53009 55196 76382 21785 59995 34362 62612 50678 58939 69731 23330 43301 81413 31734 10543 33003 69608 53280 96981 19125 3249 36186 9070 86088 2233 53310 6563 46153 65280 14965 27194 93907 97931 22023 60666 80172 55461 1877 44505 79664 48387 54895 16265 4178 34065 35216 91870 27769 38808 25437 2068 65689 34057 83696 94321 62838 52449 
51199 41744 53502 44589 69107 92395 76838 64310 59795 82283 68162 65275 209 16206 66536 37199 75469 2359 38059 61182 32334 37443 24532 24062 73888 53395 34704 64090 471 38517 12070 10627 9102 80583 4176 86773 44260 80916 57374 13050 1419 53234 21882 27221 89199 57324 22497 81660 45759 12435 5240 14266 87664 73447 56755 59998 45631 82790 99860 75974 35986 1637 51279 8659 25439 18583 37935 48723 2717 19340 1177 89981 45546 74391 19144 38037 
66085 81619 85838 4644 84612 70397 70442 87132 30612 92593 10735 80696 45052 4169 98487 11083 11227 65979 40303 36257 79586 6388 79384 75334 13162 87304 28715 31324 61599 83399 74226 87088 63113 9255 47522 94253 77737 63052 52030 69791 1783 51862 81993 6689 73323 97046 58573 23519 77044 81144 2482 74169 39655 50905 41119 59170 25139 11801 29352 515 53779 23873 64739 63604 1640 24450 4119 99896 95380 49502 52310 35802 15491 73008 44812 26530 
61356 60009 97602 92822 46938 32626 74575 77400 67402 74484 50393 45743 35249 97438 64375 67488 39405 51730 10137 65170 31368 17220 55537 76249 55381 99112 35275 97175 14206 73436 1253 30534 62617 69567 55112 3058 78129 21468 73537 79333 4165 84473 17565 96841 8243 78463 87965 71094 44954 87375 35785 35886 40746 48334 29934 80373 48783 52186 53062 77904 77076 18084 34082 93094 36994 29913 36689 10122 12167 94469 40604 12300 99329 97712 56350 95396 
73087 75019 13270 53565 72674 9311 53021 54699 67158 64301 89203 37617 43220 52249 62719 70368 69758 43798 87029 62906 56888 40843 88394 26504 46744 35416 50469 10737 5047 89457 43922 45114 75850 4347 77168 84656 94335 56492 40120 52051 75916 47387 56662 91696 66016 96578 99512 23790 58732 71560 1830 91495 49314 56598 85001 65555 28902 19133 51755 91030 75119 60812 19076 32807 99355 65229 4569 63319 80437 67979 39226 24750 68289 20355 40944 90389 
53370 8768 52752 6227 46329 77692 75098 35427 63945 85120 95400 60814 88161 64762 94756 76668 81549 57519 18658 31784 60147 80467 11501 56982 38152 87790 29366 78934 58617 67316 32902 3178 95914 48016 45303 45775 64901 22314 10532 30240 87954 14318 34197 49563 61865 82386 70075 23866 98218 1777 99917 37120 42623 26344 67622 18615 16757 93586 24886 932 44571 92911 320 97553 766 14165 79214 51206 94882 3980 50480 67983 98042 52896 77880 59967 
33366 96310 26436 80392 6997 11095 58373 17606 9458 78539 78003 52466 48278 29828 14327 69404 78702 26060 5828 54703 63712 65901 17777 20654 60850 27052 338 64971 66241 50691 41143 29675 23836 65059 15625 47253 53727 51661 23916 47574 77103 75468 50810 16538 83526 91347 70834 3947 31805 4283 85431 30972 75193 79186 88753 85591 63157 44859 45814 54462 87510 60086 44004 36591 85617 9220 26873 47166 39020 36003 84340 52103 13160 18050 41967 53399 
64798 16892 46523 60591 74827 84287 52856 63632 1493 78969 36665 58165 76028 12830 37958 47212 18220 16261 48933 37414 46828 57008 9907 23915 6721 67053 38065 89994 2751 38465 10990 27519 63614 38884 97224 63396 58873 14387 64999 61204 28947 86900 33654 66921 24163 64667 74267 21622 24932 96591 26815 80700 8498 63295 12749 24625 61325 64414 83058 16343 68202 46126 96900 38854 28795 30894 75728 46054 48319 40236 37145 38491 91140 95368 34344 12441 
6456 1142 17710 90753 95807 54177 42094 74384 64221 27553 40369 3537 45076 22393 82600 46570 80045 76088 80520 7626 49972 38153 96520 78855 36702 73436 70245 53433 56936 96096 32542 22230 24765 61670 67593 75935 34198 3651 81485 51516 73461 1775 2163 53675 39633 16858 1159 18491 28830 59322 3732 39793 61509 63783 44751 36658 69052 15769 6362 53214 3242 47199 7546 46701 29814 2388 61317 78087 52864 54977 76882 60456 85330 74176 59928 39417 
39661 56431 89385 95824 68022 86668 38760 29614 30838 85825 78535 77794 93639 92969 64056 95864 94609 12214 6749 79528 94196 77199 35046 86733 33069 66496 16950 1724 43354 96532 7700 29137 15279 83229 75437 84424 91344 1320 54715 82198 29688 48506 623 54062 9355 18963 35495 35540 66055 78403 69765 58353 94403 82476 91586 50029 33029 46807 30715 65060 37631 98300 71299 13505 47122 88434 48835 27872 10035 37858 76864 95955 17777 72174 36758 35427 
52876 45340 9515 29044 33364 83063 61936 33987 84428 99169 66075 74237 8245 45657 66205 89766 31543 88721 27857 17022 9217 85089 32820 24705 18657 72287 11672 82926 53541 42296 52068 60947 55926 9914 6675 87745 52431 56464 87322 62974 22409 98222 26049 32843 93777 61056 69645 68158 46244 62573 48586 2338 24551 98203 64812 11146 98020 2767 28777 73561 96746 20731 21281 17651 33764 69977 40242 96092 52506 67559 15558 57060 11055 44128 72546 23570 
6134 92338 80782 5557 23281 45772 87772 63129 86877 25724 59009 5127 99835 52521 37126 8875 47435 99692 99054 13477 97354 3762 68863 87552 38370 74887 81164 48258 70058 2468 68775 13324 12085 79726 8626 92884 70260 96583 54180 89251 79378 29745 19548 56456 70056 11283 60261 71495 48026 138 96030 66389 3573 47662 91589 99317 13556 62784 52095 23693 10130 57074 68399 33851 69337 50800 70080 65074 43631 78939 7947 57221 7452 43269 65419 2136 
25760 41864 85576 75522 71382 26588 41697 52123 16543 60284 40477 14838 34755 85543 88978 5694 7775 29803 364 99734 44027 27947 26887 74755 13627 26226 60163 38364 66426 40526 50389 73242 82472 55751 52023 48594 95420 5961 96630 31377 34980 11516 52400 24085 60061 57716 38380 69712 52078 67886 3742 14475 8333 91631 19675 61964 96596 59735 98455 77376 87197 6461 45569 11068 4391 53569 29002 49338 98372 73889 77367 46393 20410 77133 76301 97100 
18439 4637 32855 54100 13874 87723 75016 70002 48922 37540 7959 77247 37194 48278 17276 33849 6650 63049 14652 13922 23297 75771 6183 9990 47755 35383 25111 51884 92156 19479 81795 63317 2063 36056 61194 87883 93629 51602 23709 30692 33543 71142 95271 2672 80104 69069 61324 37015 98333 8392 20486 9970 12591 95291 21298 47459 54884 59724 47012 25272 87301 27095 1138 47428 44071 73848 86259 27978 30756 53966 70314 96746 69711 96215 7930 2056 
57952 88635 12895 44292 81393 58623 82821 3862 51922 34624 23126 90830 22845 28570 24958 89940 48454 18840 38256 91741 1331 53260 68328 59723 49122 48098 29465 66649 74908 28012 74278 70752 69855 24844 28255 59859 94420 25593 41925 41758 19938 32523 16035 61096 74670 43225 3110 97745 19768 20432 63519 19609 55177 4240 9438 77770 54803 20533 50072 27036 24488 51762 81025 6556 98588 66796 39477 27286 53269 40856 70011 68503 7186 46914 141 82123 
63972 97352 71462 85656 54019 63356 71466 23648 30908 58054 79166 73728 71644 325 81842 98841 37473 28822 86952 83670 79669 52996 98883 12970 38606 90203 98970 12682 60953 10473 25722 53058 13002 98685 65347 69311 6343 28982 20229 22055 74507 51075 29155 71341 75813 45641 3344 99902 9728 12470 6500 1037 24797 79736 38734 10107 77713 99230 9240 80428 66560 20279 52594 79581 90971 92012 73066 21883 58266 22303 44634 89831 56183 56295 39752 70853 
68795 99148 21429 40 59976 43875 12010 29369 94227 41810 67026 70285 42302 24496 59216 65873 96282 5753 45025 89423 6748 98117 70443 98165 27580 10639 7280 57873 74046 25374 91902 62764 1662 64020 97721 99690 51429 45234 38304 98445 89248 2781 5406 87315 88914 84378 30587 43370 67846 98196 25555 76319 30881 61931 68372 82046 1854 44399 92895 75105 70090 13999 21596 25107 95329 95907 5664 25924 98876 15065 54405 16718 75952 62487 8803 62772 
94498 97134 12326 97641 35625 68870 85202 34492 15812 8362 90440 64511 62924 24637 25432 87369 14572 40641 76910 58463 43749 30882 42143 38478 73566 50322 10997 17069 30344 83487 27522 58771 96076 89916 29379 6237 50065 77899 60427 85163 19467 40616 8643 86853 42823 17862 13350 58287 53080 10584 93881 88566 59547 6437 57297 95585 26654 6000 58982 79832 93583 99655 28773 95874 87046 91135 31016 82134 99586 30024 22718 33875 63827 89051 64479 70990 
84776 36390 92997 51268 71165 73947 37424 98396 10451 46469 45045 19057 77130 83207 81908 44330 55810 91435 5629 23881 63348 18508 87991 2198 70542 15801 38441 62564 5609 28685 1384 93505 50789 50815 86569 24061 50740 76450 30424 30588 44689 87692 63046 16780 64613 93284 30718 55225 41911 72559 69914 6519 32846 63453 48008 26654 24677 25876 98519 25982 65333 44445 50722 28020 19134 95322 75835 83846 98612 18424 35894 12693 55917 50102 70058 71077 
71123 26116 24653 18025 49397 7328 76496 10520 30174 84268 98821 27835 48280 75498 89993 76124 94714 83875 78438 43763 7782 28538 99972 38719 9999 82171 57136 62433 89579 94022 16775 49125 55855 84295 69534 93025 4563 90003 88444 90289 53955 99066 86056 10784 14685 46008 25245 27343 7220 67948 69923 40531 8500 82484 14312 21049 72946 5464 12363 40057 8521 72821 81003 77708 88542 58930 57634 29274 30579 22538 97621 10487 45243 25331 28236 45510 
29712 99285 40700 4169 15305 17353 25575 93917 98338 74533 88115 43071 8637 12169 33007 38919 74787 16705 38926 93873 95361 63801 64468 50248 61257 71159 99937 83600 20057 76471 74064 92431 11010 78449 50940 27602 55789 81621 63359 44380 25020 68550 81887 44576 61127 20842 68193 40683 11438 98126 55119 96945 29624 86038 11711 55875 15302 58580 79706 91378 81154 21427 36303 27025 83565 47421 22712 29925 45862 89965 1909 39634 5377 36035 76643 18075 
67707 38824 34876 65645 46275 38402 21465 99043 62921 64690 95574 41780 38307 24297 36592 89157 95847 49711 13310 21809 54109 98976 12777 55288 80632 60836 71918 40243 14276 65391 11958 92836 74219 8013 45461 78907 74995 50705 16573 59676 85538 17854 91000 24752 10147 49898 53067 9268 67142 31847 87812 71593 86798 97555 36166 31596 83160 27077 17744 5675 35280 97982 71145 16875 96960 71396 71528 96817 65821 71981 65219 32672 9296 46190 7414 22683 
22313 28097 49833 27616 56718 19509 40756 14931 44569 75922 65483 16326 350 33830 89022 89336 49795 40363 81202 50022 20896 42294 16240 59514 36063 73054 43436 23644 23410 39813 50266 96173 13072 43443 65157 96103 92664 6038 52516 14339 32294 51025 21498 69919 9698 39554 43777 59980 98470 27096 38577 78406 70525 83133 72667 65752 57276 35703 56127 2371 83780 90044 49622 64634 63459 37613 66293 69271 11207 18764 22703 60879 32642 38397 91007 18437 
88343 27399 83469 19643 42230 64101 71584 6145 1209 33892 49797 75978 82006 81484 65469 91705 84926 42559 16300 42008 87323 89892 8874 21559 65638 54184 3216 89381 51517 20353 33110 8671 35471 75503 41817 8032 31240 20923 96661 53872 24270 44702 80019 3238 53106 2157 10696 88819 43196 21891 27107 54174 84516 19542 11918 6331 47556 80179 93541 53621 45451 95480 45447 84235 20230 76068 85556 56121 14024 95360 21746 36196 30457 20960 84041 67919 
4316 14270 74390 34600 52766 23408 58446 3933 31265 98592 13179 30866 6359 9286 40981 73255 82672 86132 81267 17204 87715 78542 80801 65087 83273 26216 40638 24783 49449 89508 34195 44721 74531 24188 57840 32957 97801 58326 62178 31008 49373 42712 26159 17 14745 51511 69174 26763 87694 73825 71068 89287 69399 60213 421 50155 16284 32685 31786 40987 26270 61911 46194 12945 47088 72643 16383 66229 35743 20344 11318 48290 56160 6443 26583 83122 
87658 62148 26044 81798 4658 1026 1195 21307 52276 64659 47134 32372 692 54661 27191 25414 13562 6870 44110 72291 75467 74174 65664 22228 93911 74836 11096 29929 25309 67137 15413 76826 39191 46202 82153 82397 90879 24598 46251 71594 50327 99608 2611 29305 37757 99699 92329 42571 45446 70226 5146 87998 67469 23515 21049 51358 77397 57864 86330 89946 78157 48435 55180 82273 35937 79035 71550 65904 46982 97644 92394 11177 70851 39911 57758 98225 
75359 181 88117 23651 12621 2551 25661 15774 87059 80779 43934 56045 46620 36885 26549 73530 64601 97415 88186 47450 84109 37246 68397 49370 27120 46896 53050 55570 45874 53216 31157 99517 5840 23435 72216 95158 69704 91669 82202 54802 85550 90805 937 48369 51935 62010 2130 34779 97742 78463 38208 34972 60731 81357 7323 68350 70487 2734 2982 6699 92206 6706 94490 74175 67874 41429 4721 77937 4980 40303 14224 31816 82699 11972 33530 82203 
80321 51129 55304 45290 11163 80628 96102 31055 37742 67855 56380 25709 7167 38045 18859 71266 42379 95226 33443 14191 23814 35436 41559 79857 25281 36212 20475 62329 58692 948 98274 84729 20717 57003 52581 27674 76085 24838 70484 92999 42461 70764 3535 28085 49191 1900 50266 50717 80431 10994 98594 9702 12224 71431 63081 16493 16213 71739 36533 25782 16968 31618 68965 84422 40988 40097 12772 94650 71941 77131 8604 4907 42918 11612 54078 16503 
74121 26197 52595 1220 72080 32668 28713 603 32901 14219 5426 68908 79473 2356 10187 14733 237 52153 5320 8588 59433 13175 46168 88914 37817 4744 27388 23601 16185 23546 2473 19911 17373 5225 78114 23807 41210 3286 96662 91419 86773 40286 33715 9558 94211 81532 99220 99923 97056 84872 90166 87843 66137 48588 10626 57993 72904 19249 74837 37888 88906 63982 2386 43360 58126 58651 14592 6463 46764 2843 72203 25261 25498 47668 18603 57878 
70732 13421 2151 64469 16874 11831 42141 97877 24416 24676 32652 56441 10776 95264 38763 75901 33625 62627 46935 24286 65614 47636 31301 47171 87758 48394 98788 31571 81242 9345 74650 34043 98209 99804 21475 62965 31120 75453 43647 82745 46919 82410 92604 29739 72937 65030 18190 72928 70800 70191 77680 62861 40176 60414 4104 60994 11855 38423 6231 98442 26444 39144 62808 88901 90577 95966 46775 63813 65970 19766 63203 968 41767 11374 40421 64501 
37474 20707 46960 84215 95024 14516 19174 43457 19437 69687 17848 52945 69696 12421 35885 21741 32187 33712 98071 45843 51185 98657 49511 98605 59051 40315 54364 88114 13156 31007 89504 55011 59754 209 72059 25060 62537 4699 58722 6099 61503 82906 53852 26695 35251 59876 78647 65739 98977 29231 58795 8823 75105 96195 27116 17066 28141 85834 94742 58062 64198 60179 53939 53762 90392 48559 72742 56876 94856 76645 50603 94908 83527 89266 72718 88474 
73777 7422 17124 10412 71173 11384 96609 57332 35514 963 62480 69338 60603 48772 5205 31729 27458 57227 60937 88396 39392 21520 75247 69315 19500 76151 71011 45505 35124 36373 34710 55036 45402 48436 60455 99964 24526 21237 83876 98418 43588 85593 97673 64652 43300 78133 70116 18602 22368 6236 75546 42431 98167 5223 37182 2613 42282 13068 9459 31566 62360 30816 46327 30326 52770 41119 95942 23378 40797 75368 21924 95717 19383 91414 54960 86699 
59629 48521 10330 54421 25 37987 28668 963 17919 44485 4107 15395 78716 56617 4959 29437 35526 79032 52347 31960 89047 22301 99941 12389 92545 6850 19994 55508 51086 65724 19319 60261 44333 13170 16270 17081 59862 91067 87669 18035 75731 46617 65057 78063 26268 36033 10130 44011 37271 3403 14222 55094 62252 82657 38563 16799 51468 56272 72702 87478 85407 21550 40987 63288 18270 7948 94059 51297 37933 40703 54141 56684 73366 97596 34319 16487 
36077 55503 35610 69450 32093 1612 57465 83069 22883 49401 84779 86626 85853 79428 68330 41214 69294 13513 92630 9480 46073 45603 16979 55969 33997 22688 20254 8711 62478 1680 63748 69525 36729 74697 93061 53815 77173 4371 96985 10397 64423 29854 11563 72590 35728 11936 81414 52399 30443 82293 34950 91710 79881 46946 13061 95812 95732 40230 97972 32715 27204 6643 91191 21980 83486 96412 56396 22809 57487 23549 47866 8727 56160 52114 12260 78763 
28779 51555 17350 73616 17330 7809 29158 19586 12770 50818 49893 13051 11861 3829 81401 44330 96735 83424 98853 60086 1009 45014 92017 76365 94832 71667 73820 63255 48284 17037 5021 45825 37858 10923 66265 98078 92308 11615 76495 19136 41800 56929 33898 92259 61176 92214 54385 78559 87726 17724 53166 97782 70251 21080 85007 21384 54748 97255 95152 71558 10521 39536 33081 47505 63133 78590 88423 15353 65899 19009 51934 56849 33384 7747 72301 71061 
22646 44248 42393 13240 63397 74521 60306 92265 22061 13329 86200 61987 50592 83794 81309 7867 36870 55032 76581 70985 38395 72137 827 2267 70355 86033 79275 67479 30974 99286 28795 19053 10041 28645 45040 33858 16745 64696 77707 91574 49738 1268 30633 78077 65028 84805 80648 82343 85422 8585 66752 53537 33646 27401 57298 57111 69342 53248 71399 296 61092 43691 98154 71687 2851 25697 43794 88500 78290 22848 57315 86588 9368 17436 8561 27666 
19396 27100 77151 57304 98961 94559 30175 365 93033 11828 3240 55868 48858 52373 14317 39926 70502 8961 24581 98394 62747 40068 27612 22985 61752 47435 99870 58476 26599 40631 15895 53733 58689 28898 95657 54530 78026 59064 53821 82638 37279 58467 61328 87038 81994 50708 3456 41033 52426 42917 23213 54074 8044 43935 13227 18227 47856 87195 85644 58494 59161 13632 14553 51657 90548 43794 17103 11347 55865 95708 91367 68092 92101 64850 25507 4776 
81432 86406 85130 52359 59536 48012 40407 73938 5949 41055 63534 39133 46922 22637 1812 5105 58357 17418 3871 10250 82124 85572 3127 5744 30269 13297 20441 30990 70861 51191 7778 17095 83622 8569 33452 23486 23772 67052 7889 40413 68457 56630 97036 38980 84916 96675 96110 88752 73978 81028 712 9062 77200 19119 20314 46333 44383 89987 99785 60738 92195 80662 58842 90181 40900 96638 91227 10269 93470 48085 29104 12008 48941 40980 84836 22711 
9334 24946 19437 27227 71743 89118 33319 56829 15509 70429 49039 44013 26160 3095 47751 95164 16869 28932 89170 1458 74471 79592 96596 32369 30672 27932 36850 29320 28573 50205 93903 30872 51715 29976 22067 98761 16038 89087 72548 6481 41115 35586 335 51666 15536 74763 40351 76447 42996 62223 62372 4003 24610 91557 9955 78639 70251 48357 90336 43415 76368 28572 56711 60250 36822 30364 99149 48366 88186 63287 56921 31951 34708 21759 85038 90119 
81471 26662 96985 9566 54878 75152 62031 47588 6762 11961 82369 28841 18945 6436 1335 56710 40394 75407 81050 72495 61136 79383 64127 81441 7475 17265 24297 44077 63391 80320 64361 15089 58795 88089 64252 46279 92216 66838 98869 66611 78377 57919 95669 61887 37533 67993 10228 25330 91475 40536 83013 5549 66970 49376 4426 20881 78680 64898 52403 67346 37247 92697 36049 79917 42513 8637 75546 43401 47741 20796 33117 20493 78189 96281 93033 25236 
34681 64238 83099 92513 74824 76323 11937 2216 73226 21116 2000 70540 24281 82520 42783 32951 18629 91645 57577 46385 31326 85315 49025 1137 1220 40994 73870 585 32965 17243 78787 34585 20669 49994 91707 20047 82080 56976 76 26573 74430 49221 46390 51771 63961 89741 31640 51230 22048 10130 57050 98160 24940 69486 21040 63881 88546 75133 56003 10818 76242 69227 12042 44832 3473 35544 14486 8020 28478 73960 91799 99792 86752 24211 14063 70756 
21293 40651 22769 95268 61469 66266 74077 5773 10846 1851 5034 73182 78263 53327 35751 15212 17888 72697 2081 66876 46684 37308 68526 63709 43746 24568 71462 85374 47538 88059 96387 1718 14136 44681 57291 59741 97599 40012 40495 81951 82387 38329 81392 32139 17364 15549 73873 58922 13482 31843 39766 48111 67750 37006 50485 6594 72146 85048 63664 53233 69832 6952 32312 43127 18709 990 95266 21138 76731 75934 91410 79829 99343 4614 78573 99741 
98446 12041 79748 99163 56004 84164 61600 47018 63941 44228 6848 93610 26030 38396 89692 97390 82406 57520 81355 81623 20795 85615 18040 77368 30260 31967 2552 21553 54968 88011 59922 26771 75181 89206 34280 55582 58399 77663 79838 61605 47614 35794 71610 47202 53604 40587 1282 79836 35433 32056 8397 15087 9229 57768 49273 60862 63544 77136 9761 99979 38098 15056 90704 47169 26768 20999 86760 61197 72089 26358 57017 40576 23858 12537 53437 93821 
85071 82963 50415 64447 30370 85075 85488 62152 85400 6968 40377 37618 18804 36798 61101 87604 93819 24275 69045 80361 75047 47114 18343 16749 78052 78643 64117 13694 97705 93655 62076 47345 24257 63325 63881 27913 41546 99684 29445 13149 53908 32291 23459 40807 92777 97979 95729 73769 55916 60924 72074 91091 94675 60752 27281 22022 98587 42413 47810 73960 92877 52825 16559 56470 92196 99386 58443 20360 94549 83791 71391 60234 25123 63357 17733 72784 
53662 15116 66252 34452 79694 49976 18326 28379 86476 48115 53609 38958 24804 15922 69843 30740 821 90731 56265 19346 49864 80364 46737 11456 55207 87316 32423 45283 34044 86668 72418 78509 89769 82620 28650 72301 86034 62361 43609 71186 40939 84061 59951 32255 85139 37698 12186 14590 18719 60976 9897 47998 17059 268 36377 23755 41678 44652 45673 25067 93642 74145 23173 14167 48375 11136 33190 29390 39515 27539 28789 51341 35157 22968 43412 28297 
5357 17634 16280 18602 78647 93832 93799 27815 76936 75105 29971 58995 29838 19864 44085 14776 71650 45247 48053 99015 88807 96730 91173 23724 97125 23545 82180 6773 47220 50254 26408 49808 68525 22109 35940 27204 9016 65703 81708 32860 40956 11778 90429 93507 90253 17355 71666 89298 74922 15122 4950 39174 66542 93047 5702 60261 29642 13609 42902 51365 33713 6984 29405 30251 71188 69218 23382 84689 84325 10115 46534 48648 58647 24287 48806 1283 
65451 58135 69049 48257 81327 49773 9063 92130 37076 39235 53179 47447 87217 9648 60679 67877 16668 58422 39234 7673 13208 45980 70267 95593 86047 70930 60894 71625 39240 88834 56748 55177 43049 54171 51926 43196 59193 32712 41974 40965 95100 41015 15486 86922 48215 1251 62485 96131 3822 7726 68497 95308 45267 25765 89764 55740 25982 44906 20938 40416 86679 82575 95108 35140 68391 99895 6935 18862 84762 61355 19633 49694 33573 15090 9564 52940 
44609 4556 68841 42836 95357 15973 25488 3164 87066 77867 59050 88951 30555 8252 71048 4382 7565 14314 44041 12708 96405 3529 76297 13957 65730 59155 80411 39482 46830 10270 94277 6266 29321 1595 9015 98286 6379 29142 68485 34823 19432 85278 7299 31287 48122 94134 68692 19898 99507 55659 73921 16914 82060 94314 30287 93299 43966 50463 99209 10006 68981 95654 53542 66753 33499 33704 97857 3441 3488 45929 68710 63957 45722 2474 55946 76524 
11323 41576 68841 94574 31404 14691 28430 72905 34911 27425 20437 28438 91264 68252 35214 55737 5915 3810 38226 97351 12005 19287 56687 43171 28112 14296 59378 30378 98218 59697 61977 34507 80123 12640 19561 35238 48261 31201 41695 72157 70993 20208 55888 32198 55556 83546 38494 97537 35962 54124 83490 44365 72509 77344 10942 75670 99582 86605 76819 44708 6633 6045 67358 97172 21861 34847 68531 80710 23520 39276 9955 63208 14574 79376 4710 96251 
33501 44506 40903 20893 34687 2444 44591 25960 43003 32313 22547 8656 66587 18947 81941 28898 48061 12258 52898 59662 38073 84641 3636 16918 95660 90668 16957 68645 63904 60849 15301 24633 91405 4002 95026 31578 17335 16406 3453 4848 66457 25267 77918 33419 826 36743 47022 54494 60536 56775 42804 6519 64652 74527 74613 38517 43867 51370 56393 63966 26242 9631 17356 48680 26666 31525 5983 2822 74577 48907 70767 40628 97663 40830 25460 7601 
60923 88786 37277 28715 91871 84421 68099 18504 93467 59402 53390 6265 86086 61224 97529 56109 67653 77184 45651 5005 10741 38917 5697 94304 72035 96952 52264 99939 74436 39755 94444 74881 78432 83285 22077 84129 34021 98523 75752 79260 73598 2316 42863 31185 58744 94302 67187 2750 76706 31558 44971 45643 61984 23504 10848 5834 62639 25370 65125 91930 52072 25564 89928 95445 12441 77275 68119 7468 38548 62737 76954 42926 32308 46975 86570 16529 
72964 24117 42062 67520 90785 60677 97644 97813 94683 58496 31569 78299 19494 55447 15481 87964 45893 88665 97209 37930 80950 78959 32674 99691 72400 8917 26642 94408 34553 48960 99313 11248 58012 52680 52657 34768 20032 81307 96131 37059 19332 26772 30740 90639 54414 65321 65031 41372 55235 71620 95046 36588 38303 59022 87962 68927 13833 13970 62557 73052 86875 99184 36401 66909 24184 23440 71389 25311 16635 73659 78478 9397 32777 7142 47086 49387 
54589 27915 8056 17686 27611 15503 71821 60414 85764 53350 83117 77011 74032 23736 72514 55626 97955 1841 72506 9488 33477 60490 90067 88383 44763 84122 97766 51270 950 61932 68983 36838 44062 36309 20254 1130 42960 91111 83663 32280 84046 76603 29141 75331 83970 45414 46295 89034 48109 43729 14973 92376 31349 73502 14819 70224 59249 18515 84693 42531 39179 98435 26437 651 56205 42224 89283 71411 70323 97655 72771 20284 22501 7817 46237 48395 
62274 21696 82645 5955 1586 2016 53025 10575 95067 9904 13816 23013 74796 38537 31737 18722 25703 70963 8735 91485 66337 34780 92145 57162 58045 55304 81637 64751 32253 49489 76707 16708 42593 71599 69270 92445 92553 19534 43777 86896 45500 93439 74522 7619 49366 98476 94113 78329 79779 33734 58839 61383 85648 2357 79519 49242 26451 46150 37100 45599 94924 49952 33264 35838 46074 28839 90805 49063 5569 86357 46868 17786 80879 60231 49260 90345 
84410 29922 42391 54891 39870 63231 96642 74786 90444 91937 11034 12364 18202 79157 74098 11100 13909 65274 93429 52369 33699 767 10631 52750 37924 89253 62661 18878 63210 31876 29973 13641 28891 18198 46558 45053 66587 90301 28938 53951 74096 44704 16924 39793 18433 7606 27123 89157 39469 79906 16278 53421 83263 97220 78329 23820 78081 76409 78248 98712 91154 24874 35421 62747 79378 54900 44041 38709 31934 23381 62124 79964 85552 58162 65310 43371 
46431 6629 24001 98724 978 55054 1609 92383 49503 41834 53571 32501 14009 13611 28915 12316 82334 42130 48688 68974 50789 95805 51255 80041 41124 2661 72827 17070 11133 47683 10087 15589 38511 77101 98407 11507 48437 8074 52174 23717 43368 46827 49355 36932 64603 33001 45540 21043 93408 21534 87400 11152 92028 16359 12846 44954 51091 32825 26022 97960 97359 21074 61318 58807 38665 18015 58648 63222 58639 22648 20015 35761 2481 42044 92056 89789 
77052 75817 50652 82553 92823 50451 98418 28587 24237 15275 32890 81113 94173 17949 64734 2853 38669 48591 80971 16870 56044 526 15707 85799 19395 1502 23490 13803 79465 93386 11779 47105 36201 69744 1388 71597 28837 33240 83952 28009 63973 15280 37111 58698 48449 82528 18772 76105 95247 96156 91662 46464 96497 16946 4254 10303 14625 26182 81229 67852 29786 3009 8427 21011 26431 63011 65254 58785 30200 1787 16300 39026 85861 99152 40755 76509 
2077 28755 23328 76321 25461 79665 95009 48865 16731 80245 48170 556 9335 74598 23706 92225 43865 18100 76965 66166 51904 25649 83611 77691 50588 16223 43969 89991 84596 16354 42598 30989 912 15012 68197 62689 89946 20233 59229 60334 47352 6509 71899 64454 3195 58646 40141 90954 40019 23824 30035 58448 11235 90812 26296 78668 6922 80911 27494 16406 8515 42536 26274 47300 69015 96835 8004 45100 68058 25680 96117 58681 59830 37825 77521 42281 
94975 80667 23207 80899 16155 18688 23623 27647 68545 20568 8217 71364 16246 32268 2015 28484 53689 24263 11517 76920 73474 63959 37179 4416 59512 26508 27673 98656 53146 87703 50869 7495 10163 24966 69108 81762 69841 37673 87979 69247 16580 98174 37168 78145 87170 61771 77479 65148 34785 57344 85502 80716 82422 5566 87847 19023 85649 76176 29868 25331 70023 36074 49131 95306 28848 32876 91153 66928 34271 74602 37232 59351 59801 62965 10361 53178 
31389 11667 57493 47347 66122 36287 68828 42509 20282 93981 20703 37158 38078 41734 70535 89099 65385 928 88148 70034 84817 88212 78080 4578 9880 34381 39658 15371 6284 17285 41080 62554 2435 34912 4992 30704 32070 75697 96529 79816 40719 9922 30685 30794 33403 19054 27626 54426 96405 60901 27425 82449 53151 77614 95897 51369 30929 4972 42405 63121 24605 48989 93969 83878 53284 35329 54717 14729 51116 13386 61253 30047 4402 76168 48993 64590 
78173 69118 40943 80479 35521 9783 48842 20510 51174 32723 42883 66241 8642 59422 66886 30241 69975 31320 62732 22733 60634 82407 78356 98890 36436 91962 59028 14268 1246 8624 32447 78828 63036 3381 39069 13525 85863 13883 13960 79179 76907 88101 57443 17653 11728 85651 93096 58306 89146 82591 80667 96763 58471 9611 47733 10359 20784 65076 51914 39681 59338 6850 66771 7794 27722 47346 56030 14864 79035 77972 18743 40756 7262 72482 49125 85101 
75198 25088 50031 5618 59877 42244 82306 98971 11006 60733 73626 88446 81894 32116 52379 66139 66971 36459 93022 87503 50627 4645 70186 48913 69431 32572 42182 7809 24633 65760 27325 14770 62915 66325 50843 35561 71004 63106 15933 90968 45561 8347 16338 85384 8701 47641 30196 49599 65457 56250 46874 23875 30673 78314 26159 56642 91468 21485 35750 70585 72899 90642 47104 80233 11760 75813 30786 2770 22437 51835 86849 97335 43107 75346 63533 4716 
62019 31744 59498 32417 30987 27895 35294 14168 77867 10658 19368 45793 75801 71167 53574 7205 33042 76199 41812 54731 47432 43119 90488 85361 39603 62800 50863 35030 91255 88484 87818 34840 1348 32663 49251 54000 67030 89948 9408 33304 12967 97374 19807 59651 5898 91294 13597 28855 72990 7015 19873 71405 44493 51317 18819 49972 2308 72379 79975 89230 16917 72537 19664 6808 28401 62991 94871 57608 43238 30925 89771 69124 3126 53539 64510 20667 
75206 4397 59515 50364 87489 99615 40693 45636 84452 71497 58261 98787 29530 88554 22546 38637 58769 36183 25208 50225 58320 20793 345 77628 7404 45471 83042 32598 6112 99555 78835 21065 94657 75998 41605 93983 24424 59568 64271 43951 61000 73723 74240 83212 14383 72654 22086 88569 80654 38583 66385 29590 61721 51782 87235 86965 23031 33528 70780 74733 43777 90905 66594 56143 70055 92947 84842 51351 21338 68669 17572 64106 67936 39767 39189 45041 
1733 75243 92065 22930 46981 78974 35545 2425 45824 33205 99477 18367 70685 29603 84174 49683 15201 48351 47350 51296 53850 48538 20756 96404 80853 94311 26533 37492 35325 70818 12975 25511 43986 81068 79490 79976 55142 9977 23478 23875 2746 74722 92469 65496 54356 29241 10753 63105 96834 48616 19314 12370 1048 21604 46241 74388 37614 96808 43578 56006 72583 31061 63138 56739 61693 19843 86023 73416 17555 32851 34268 84875 31618 50489 45642 92322 
17831 39937 9222 59124 71367 39880 39583 10756 12226 67577 94064 3647 12986 63443 67119 77713 46530 79494 50168 35863 68234 2699 73123 87396 15008 32198 20084 67129 24387 17975 74470 26020 26636 73489 20652 46453 62558 28407 45353 98641 49508 26974 33188 6022 70213 27853 44516 82124 60417 48559 444 60088 94476 12735 90543 34229 22353 16207 40638 178 86594 86521 99594 64948 3005 69512 68695 11383 4314 50125 68681 18842 57021 90528 57829 90388 
1038 35463 70194 62079 98631 16983 54171 3771 6802 2766 2156 17800 82485 3660 25357 82433 72705 88376 10427 48310 12948 71385 61893 68734 67268 27474 46106 32203 4577 25855 42482 49658 17040 75968 41354 38039 95921 43940 80977 40753 95921 32586 44285 7166 12215 98186 61896 75149 18903 21323 76766 26498 23862 41726 19940 75295 46408 15340 4758 76563 9328 11318 28234 62011 79381 35779 18814 70707 47455 18487 12767 73733 26029 42476 42237 50708 
9961 92940 3015 38656 25459 36888 98491 81717 33989 21787 5137 60073 50899 18309 24255 19591 94097 77281 65477 65686 55243 76527 57290 36926 9451 38337 62262 57889 70990 15675 63650 47556 9110 7425 42142 12244 6096 926 93089 18605 60638 53219 9160 70866 79195 16474 31401 65845 11277 85650 54173 81890 66082 50167 75591 59825 38903 16735 22690 47788 72922 73365 46543 64009 92406 79701 34764 65428 39189 62924 97193 1813 59205 41560 85169 96617 
0.239983
69 2 31 43
